rostopic: '/mavros/imu/data_raw'
update_rate: 250.0

#Accelerometer
accelerometer_noise_density: 0.0006414067563726991 
accelerometer_random_walk: 7.079826007482991e-05 

#Gyroscope
gyroscope_noise_density: 6.105141437749343e-05 
gyroscope_random_walk: 4.128732963366765e-06 
