image_width: 320
image_height: 240
camera_name: narrow_stereo/left
camera_matrix:
  rows: 3
  cols: 3
  data: [522.66836,   0.     , 267.13635,
           0.     , 509.69048, 121.41007,
           0.     ,   0.     ,   1.     ]
distortion_model: plumb_bob
distortion_coefficients:
  rows: 1
  cols: 5
  data: [0.200778, -0.108259, 0.001030, 0.062755, 0.000000]
rectification_matrix:
  rows: 3
  cols: 3
  data: [ 0.99854941,  0.00946435,  0.05300467,
         -0.00962293,  0.99994995,  0.00273735,
         -0.05297611, -0.00324344,  0.99859051]
projection_matrix:
  rows: 3
  cols: 4
  data: [563.69446,   0.     , 237.83358,   0.     ,
           0.     , 563.69446, 123.25931,   0.     ,
           0.     ,   0.     ,   1.     ,   0.     ]
