image_width: 320
image_height: 240
camera_name: narrow_stereo/left
camera_matrix:
  rows: 3
  cols: 3
  data: [440.87759,   0.     , 198.9307 ,
           0.     , 437.59505, 112.85471,
           0.     ,   0.     ,   1.     ]
distortion_model: plumb_bob
distortion_coefficients:
  rows: 1
  cols: 5
  data: [-0.047731, 0.067837, 0.004981, -0.005443, 0.000000]
rectification_matrix:
  rows: 3
  cols: 3
  data: [ 0.9972638 ,  0.03654628,  0.06425942,
         -0.0369175 ,  0.99930774,  0.00459865,
         -0.06404688, -0.00695837,  0.99792263]
projection_matrix:
  rows: 3
  cols: 4
  data: [490.55224,   0.     , 168.55494,   0.     ,
           0.     , 490.55224, 114.0898 ,   0.     ,
           0.     ,   0.     ,   1.     ,   0.     ]
