image_width: 320
image_height: 240
camera_name: narrow_stereo/left
camera_matrix:
  rows: 3
  cols: 3
  data: [602.02203,   0.     , 206.74597,
           0.     , 598.99657, 177.23013,
           0.     ,   0.     ,   1.     ]
distortion_model: plumb_bob
distortion_coefficients:
  rows: 1
  cols: 5
  data: [-0.437145, 2.419662, 0.014225, 0.008659, 0.000000]
rectification_matrix:
  rows: 3
  cols: 3
  data: [ 0.99541296, -0.00665853, -0.09543948,
          0.01303514,  0.99771151,  0.0663462 ,
          0.0947793 , -0.06728594,  0.99322177]
projection_matrix:
  rows: 3
  cols: 4
  data: [668.5284 ,   0.     , 277.36609,   0.     ,
           0.     , 668.5284 , 135.3433 ,   0.     ,
           0.     ,   0.     ,   1.     ,   0.     ]
