image_width: 320
image_height: 240
camera_name: narrow_stereo/right
camera_matrix:
  rows: 3
  cols: 3
  data: [523.20958,   0.     , 258.60732,
           0.     , 509.98219, 123.46624,
           0.     ,   0.     ,   1.     ]
distortion_model: plumb_bob
distortion_coefficients:
  rows: 1
  cols: 5
  data: [0.189212, -0.035914, 0.001762, 0.059133, 0.000000]
rectification_matrix:
  rows: 3
  cols: 3
  data: [ 0.99830168, -0.02683812,  0.05170556,
          0.02699275,  0.999633  , -0.00229432,
         -0.05162501,  0.0036861 ,  0.99865974]
projection_matrix:
  rows: 3
  cols: 4
  data: [563.69446,   0.     , 237.83358, -15.23577,
           0.     , 563.69446, 123.25931,   0.     ,
           0.     ,   0.     ,   1.     ,   0.     ]
