image_width: 320
image_height: 240
camera_name: narrow_stereo/right
camera_matrix:
  rows: 3
  cols: 3
  data: [601.36549,   0.     , 229.49875,
           0.     , 594.7951 ,  92.03732,
           0.     ,   0.     ,   1.     ]
distortion_model: plumb_bob
distortion_coefficients:
  rows: 1
  cols: 5
  data: [0.242759, -1.456126, -0.014669, 0.023020, 0.000000]
rectification_matrix:
  rows: 3
  cols: 3
  data: [ 0.99686175, -0.02195432, -0.07605692,
          0.01681341,  0.99757179, -0.06758579,
          0.07735604,  0.06609491,  0.99481029]
projection_matrix:
  rows: 3
  cols: 4
  data: [668.5284 ,   0.     , 277.36609, -41.99559,
           0.     , 668.5284 , 135.3433 ,   0.     ,
           0.     ,   0.     ,   1.     ,   0.     ]
