image_width: 320
image_height: 240
camera_name: narrow_stereo/right
camera_matrix:
  rows: 3
  cols: 3
  data: [438.75621,   0.     , 203.95596,
           0.     , 435.33888, 114.02836,
           0.     ,   0.     ,   1.     ]
distortion_model: plumb_bob
distortion_coefficients:
  rows: 1
  cols: 5
  data: [-0.043340, 0.098415, 0.006114, -0.005187, 0.000000]
rectification_matrix:
  rows: 3
  cols: 3
  data: [ 0.99790448, -0.01275559,  0.06343453,
          0.01312238,  0.99989948, -0.00536886,
         -0.06335967,  0.00619002,  0.99797156]
projection_matrix:
  rows: 3
  cols: 4
  data: [490.55224,   0.     , 168.55494, -11.50094,
           0.     , 490.55224, 114.0898 ,   0.     ,
           0.     ,   0.     ,   1.     ,   0.     ]
