%YAML:1.0

#--------------------------------------------------------------------------------------------
# System config
#--------------------------------------------------------------------------------------------

# When the variables are commented, the system doesn't load a previous session or not store the current one

# If the LoadFile doesn't exist, the system give a message and create a new Atlas from scratch
#System.LoadAtlasFromFile: "Session_MH01_MH02_MH03_Stereo60_Pseudo"

# The store file is created from the current session, if a file with the same name exists it is deleted
#System.SaveAtlasToFile: "Session_MH01_MH02_MH03_Stereo60_Pseudo"

#--------------------------------------------------------------------------------------------
# Camera Parameters. Adjust them!
#--------------------------------------------------------------------------------------------
File.version: "1.0"

Camera.type: "PinHole"

# Camera calibration and distortion parameters (OpenCV) 

Camera1.fx: 440.87759
Camera1.fy: 437.59505
Camera1.cx: 198.9307
Camera1.cy: 112.85471

Camera1.k1: -0.047731
Camera1.k2: 0.067837
Camera1.p1: 0.004981
Camera1.p2: -0.005443

Camera2.fx: 438.75621
Camera2.fy: 435.33888
Camera2.cx: 203.95596
Camera2.cy: 114.02836

Camera2.k1: -0.043340
Camera2.k2: 0.098415
Camera2.p1: 0.006114
Camera2.p2: -0.005187

Camera.width: 320
Camera.height: 240

# Camera frames per second 
Camera.fps: 30

# Color order of the images (0: BGR, 1: RGB. It is ignored if images are grayscale)
Camera.RGB: 1

# Close/Far threshold. Baseline times.
Stereo.ThDepth: 60.0
Stereo.T_c1_c2: !!opencv-matrix
  rows: 4
  cols: 4
  dt: f
  data: [0.99874756, -0.05003093, -0.00045779, -0.23335973,
         0.05002387,  0.99869804, -0.00999110, -0.00855183,
         0.00095707,  0.00995569,  0.99994998, -0.01503671,
         0.0, 0.0, 0.0, 1.0]

#--------------------------------------------------------------------------------------------
# Stereo Rectification. Only if you need to pre-rectify the images.
# Camera.fx, .fy, etc must be the same as in LEFT.P
#--------------------------------------------------------------------------------------------
LEFT.height: 320
LEFT.width: 240
LEFT.D: !!opencv-matrix
   rows: 1
   cols: 5
   dt: d
   data:[-0.047731, 0.067837, 0.004981, -0.005443, 0.000000]
LEFT.K: !!opencv-matrix
   rows: 3
   cols: 3
   dt: d
   data: [440.87759, 0.0, 198.9307, 0.0, 437.59505, 112.85471, 0.0, 0.0, 1.0]
LEFT.R:  !!opencv-matrix
   rows: 3
   cols: 3
   dt: d
   data: [ 0.9972638,  0.03654628,  0.06425942, -0.0369175,  0.99930774,  0.00459865, -0.06404688, -0.00695837,  0.99792263]
LEFT.P:  !!opencv-matrix
   rows: 3
   cols: 4
   dt: d
   data: [490.55224, 0.0, 168.55494, 0.0, 0.0, 490.55224, 114.0898, 0.0, 0.0, 0.0, 1.0, 0.0]

RIGHT.height: 320
RIGHT.width: 240
RIGHT.D: !!opencv-matrix
   rows: 1
   cols: 5
   dt: d
   data:[-0.043340, 0.098415, 0.006114, -0.005187, 0.000000]
RIGHT.K: !!opencv-matrix
   rows: 3
   cols: 3
   dt: d
   data: [438.75621, 0.0, 203.95596,  0.0, 435.33888, 114.02836, 0.0, 0.0, 1.0]
RIGHT.R:  !!opencv-matrix
   rows: 3
   cols: 3
   dt: d
   data: [ 0.99790448, -0.01275559,  0.06343453, 0.01312238, 0.99989948, -0.00536886, -0.06335967,  0.00619002,  0.99797156]
RIGHT.P:  !!opencv-matrix
   rows: 3
   cols: 4
   dt: d
   data: [490.55224, 0.0, 168.55494, -11.50094, 0.0, 490.55224, 114.0898, 0.0, 0.0, 0.0, 1.0, 0.0]


#--------------------------------------------------------------------------------------------
# ORB Parameters
#--------------------------------------------------------------------------------------------

# ORB Extractor: Number of features per image
ORBextractor.nFeatures: 1000

# ORB Extractor: Scale factor between levels in the scale pyramid 	
ORBextractor.scaleFactor: 1.2

# ORB Extractor: Number of levels in the scale pyramid	
ORBextractor.nLevels: 8

# ORB Extractor: Fast threshold
# Image is divided in a grid. At each cell FAST are extracted imposing a minimum response.
# Firstly we impose iniThFAST. If no corners are detected we impose a lower value minThFAST
# You can lower these values if your images have low contrast			
ORBextractor.iniThFAST: 30
ORBextractor.minThFAST: 7

#--------------------------------------------------------------------------------------------
# Viewer Parameters
#--------------------------------------------------------------------------------------------
Viewer.KeyFrameSize: 0.05
Viewer.KeyFrameLineWidth: 1.0
Viewer.GraphLineWidth: 0.9
Viewer.PointSize: 2.0
Viewer.CameraSize: 0.08
Viewer.CameraLineWidth: 3.0
Viewer.ViewpointX: 0.0
Viewer.ViewpointY: -0.7
Viewer.ViewpointZ: -1.8
Viewer.ViewpointF: 500.0
Viewer.imageViewScale: 1.0
