%YAML:1.0

#--------------------------------------------------------------------------------------------
# System config
#--------------------------------------------------------------------------------------------

# When the variables are commented, the system doesn't load a previous session or not store the current one

# If the LoadFile doesn't exist, the system give a message and create a new Atlas from scratch
#System.LoadAtlasFromFile: "Session_MH01_MH02_MH03_Stereo60_Pseudo"

# The store file is created from the current session, if a file with the same name exists it is deleted
#System.SaveAtlasToFile: "Session_MH01_MH02_MH03_Stereo60_Pseudo"

#--------------------------------------------------------------------------------------------
# Camera Parameters. Adjust them!
#--------------------------------------------------------------------------------------------
File.version: "1.0"

Camera.type: "PinHole"

# Camera calibration and distortion parameters (OpenCV) 

Camera1.fx: 521.45875
Camera1.fy: 518.29015
Camera1.cx: 196.6402
Camera1.cy: 98.74932

Camera1.k1: 0.106645
Camera1.k2: -0.129373
Camera1.p1: -0.002445
Camera1.p2: 0.03981

Camera2.fx: 516.14404
Camera2.fy: 516.94565
Camera2.cx: 184.17473
Camera2.cy: 99.63789

Camera2.k1: 0.197793
Camera2.k2: -1.445428
Camera2.p1: -0.004516
Camera2.p2: 0.028651

Camera.width: 320
Camera.height: 240

# Camera frames per second 
Camera.fps: 30

# Color order of the images (0: BGR, 1: RGB. It is ignored if images are grayscale)
Camera.RGB: 1

# Close/Far threshold. Baseline times.
Stereo.ThDepth: 60.0
Stereo.T_c1_c2: !!opencv-matrix
  rows: 4
  cols: 4
  dt: f
  data: [0.99995121, 0.00517853, 0.00841120, 0.05893003,
         -0.00510098, 0.99994452, -0.00921588, -0.00259320,
         -0.00845847, 0.00917252, 0.99992216, 0.00272336,
         0.00000000, 0.00000000, 0.00000000, 1.00000000]
  
#--------------------------------------------------------------------------------------------
# IMU Parameters
#--------------------------------------------------------------------------------------------

# Transformation from camera 0 to body-frame (imu)
IMU.T_b_c1: !!opencv-matrix
  rows: 4
  cols: 4
  dt: f
  data: [0.13553262757638626, -0.9822579869806232, 0.12961540755255102, 0.014788528664512458,
         -0.10514535436195005, -0.14434347637008307, -0.983925513077844, 0.10736558349125136,
         0.9851778323319804, 0.11972555216900271, -0.12284311474188078, -0.04558093832923264,
         0.0, 0.0, 0.0, 1.0]

# IMU noise
IMU.NoiseAcc: 0.0006414067563726991
IMU.AccWalk: 7.079826007482991e-05 
IMU.NoiseGyro: 6.105141437749343e-05 
IMU.GyroWalk: 4.128732963366765e-06 
IMU.Frequency: 250.0

#--------------------------------------------------------------------------------------------
# ORB Parameters
#--------------------------------------------------------------------------------------------

# ORB Extractor: Number of features per image
ORBextractor.nFeatures: 1000

# ORB Extractor: Scale factor between levels in the scale pyramid 	
ORBextractor.scaleFactor: 1.2

# ORB Extractor: Number of levels in the scale pyramid	
ORBextractor.nLevels: 8

# ORB Extractor: Fast threshold
# Image is divided in a grid. At each cell FAST are extracted imposing a minimum response.
# Firstly we impose iniThFAST. If no corners are detected we impose a lower value minThFAST
# You can lower these values if your images have low contrast			
ORBextractor.iniThFAST: 30
ORBextractor.minThFAST: 7

#--------------------------------------------------------------------------------------------
# Viewer Parameters
#--------------------------------------------------------------------------------------------
Viewer.KeyFrameSize: 0.05
Viewer.KeyFrameLineWidth: 1.0
Viewer.GraphLineWidth: 0.9
Viewer.PointSize: 2.0
Viewer.CameraSize: 0.08
Viewer.CameraLineWidth: 3.0
Viewer.ViewpointX: 0.0
Viewer.ViewpointY: -0.7
Viewer.ViewpointZ: -1.8
Viewer.ViewpointF: 500.0
Viewer.imageViewScale: 1.0
